398
686
898
917
936
1000
1053
1054
1074
1075
1076
1077
1079
1080
1081
1082
1191
1202
1209
1212
1213
1215
1216
1233
1234
1235
1237
1238
1239
1240
1241
1242
1243
1244
1246
1266
1267
1269
1270
1271
1272
1273
1274
1275
1276
1277
1278
1279
1341
1344
1345
1346
1347
1348
1350
1354
1355
1361
1363
1365
1384
1385
1386
1387
1388
1389
1390
1391
1392
1393
1394
1395
1425
1426
1427
1430
1432
1433
1438
1440
1441
1452
1453
1454
1455
1456
1457
1459
1460
1461
1462
1463
1465
1466
1467
1468
1469
1470
1471
1472
1473
1476
1528
1529
1530
1531
1532
1536
1537
1538
1540
1541
1542
1543
1544
1545
1546
1547
1548
1549
1550
1553
1554
1555
1556
1557
1560
1563
1564
1570
1571
1572
1573
1575
1577
1579
1580
1582
1583
1584
1585
1586
1587
1588
1589
1590
1591
1597
1611
1613
1614
1617
1619
1621
1623
1627
1630
1632
1636
1637
1638
1642
1644
1645
1646
1648
1650
1651
1652
1653
1654
1655
1656
1657
1658
1659
1660
1661
1662
1663
1664
1666
1667
1668
1669
1670
1673
1698
1699
1700
1701
1703
1730
1731
1735
1745
1748
1751
1754
1756
1758
1760
1769
1770
1771
1772
1773
1775
1776
1777
1778
1779
1780
1781
1782
1783
1784
1785
1786
1787
1790
1795
1797
1799
1800
1801
1802
1803
1804
1807
1818
1846
1848
1858
1876
1878
1879
1880
1882
1883
1884
1885
1886
1887
1910
1911
1912
1913
1914
1915
1916
1917
1919
1921
1930
1932
1944
1949
1950
1951
1952
1953
1954
1955
1957
1958
1959
1960
2016
2017
2018
2019
2020
2021
2022
2023
2024
2025
2028
2044
2045
2046
2047
2048
2049
2051
2053
2054
2055
2056
2057
2058
2059
2060
2061
2062
2067
2068
2070
2073
2076
2078
2081
2088
2092
2094
2095
2096
2097
2098
2130
2131
2132
2133
2135
2138
2139
2148
2161
2163
2166
2167
2168
2169
2172
2184
2185
2186
2188
2189
2190
2192
2193
2194
2196
2197
2200
2201
2202
2203
2204
2205
2207
2208
2210
2211
2212
2213
2226
2228
2248
2251
2256
2267
2269
2271
2273
2276
2279
2306
2307
2308
2311
2313
2314
2315
2316
2328
2331
2332
2333
2334
2335
2336
2339
2341
2342
2343
2344
2346
2347
2348
2349
2401
2402
2406
2425
2430
2449
2450
2451
2452
2453
2455
2456
2458
2459
2460
2461
2466
2472
2480
2481
2482
2486
2487
2489
2490
2491
2492
2493
2494
2495
2517
2554
2568
2592
2593
2595
2596
2602
2603
2604
2605
2607
2608
2609
2615
2617
2620
2634
2636
2678
2701
2708
2726
2727
2814
2815
2816
2818
2819
2821
2822
2823
2861
2884
2905
2967
2971
2996
3000
3002
3003
3004
3005
3024
3043
3058
3066
3090
3097
3098
3118
3130
3146
3211
3230
3241
3253
3269
3277
3278
3354
3376
3379
3397
3398
3402
3437
3469
3485
3546
3557
